========================================================================
OVERALL RESIDUAL SUMMARY
========================================================================

                  n  mean_residual_c  std_residual_c   mae_c  median_abs_residual_c  p80_abs_residual_c  p90_abs_residual_c  p95_abs_residual_c
model                                                                                                                                          
M1_no_solar     656          -0.1273          2.5736  1.8905                 1.3979              3.1744              4.2424              5.1729
M2b_mean_solar  656          -0.1292          2.5365  1.8358                 1.3314              2.9244              4.0121              5.1537

========================================================================
RESIDUAL SPREAD BY HORIZON
========================================================================

                              n  bias_c   std_c   mae_c  p80_abs_c  p90_abs_c
model          horizon_min                                                   
M1_no_solar    15           153 -0.0195  1.2817  0.9276     1.4638     1.9907
               30           144 -0.0107  1.9015  1.4863     2.2940     2.8712
               60           127  0.0291  2.6746  2.1071     3.4017     4.4634
               90           117 -0.2006  3.1826  2.4862     3.9229     4.9057
               120          115 -0.5146  3.5918  2.8324     4.4467     5.3484
M2b_mean_solar 15           153 -0.0517  1.2945  0.9265     1.4850     1.8879
               30           144 -0.0686  1.9061  1.4662     2.1312     2.7683
               60           127  0.0128  2.6434  2.0027     3.0802     4.0976
               90           117 -0.1447  3.1481  2.4012     3.6784     4.6378
               120          115 -0.4491  3.4971  2.7489     4.0298     5.4750

========================================================================
MAE BY YEAR
========================================================================

held_out_year     2020    2021    2022    2023    2024
model                                                 
M1_no_solar     1.6018  1.6947  2.9757  1.7856  1.4859
M2b_mean_solar  1.6514  1.8278  2.8329  1.6687  1.3203

========================================================================
RESIDUAL STD BY YEAR
========================================================================

held_out_year     2020    2021    2022    2023    2024
model                                                 
M1_no_solar     1.9149  1.9561  3.5925  2.3598  1.8800
M2b_mean_solar  1.8663  1.8888  3.5912  2.0927  1.6416

========================================================================
M2b: YEAR × HORIZON MAE
========================================================================

horizon_min       15      30      60      90      120
held_out_year                                        
2020           0.9802  1.4853  1.6682  2.0944  2.3304
2021           0.6798  1.2836  2.1692  2.6387  2.8992
2022           1.4255  2.2779  3.3811  3.4379  4.2299
2023           0.6309  1.1169  1.9043  2.4380  2.6989
2024           0.9529  1.2568  1.0810  1.5677  1.8521

========================================================================
M2b: HORIZON-SPECIFIC EMPIRICAL ERROR QUANTILES
========================================================================

               n  residual_q05  residual_q10  residual_q50  residual_q90  residual_q95  abs_q80  abs_q90
horizon_min                                                                                             
15           153       -1.8591       -1.5197        0.0959        1.4195        1.8561   1.4850   1.8879
30           144       -3.1362       -2.1593       -0.0288        1.9953        2.7617   2.1312   2.7683
60           127       -4.4765       -3.0963        0.4193        3.0354        3.9551   3.0802   4.0976
90           117       -4.8063       -3.7727        0.3482        3.4691        4.3225   3.6784   4.6378
120          115       -5.7838       -4.3482       -0.0102        3.4974        4.4174   4.0298   5.4750